0
1.82500000003984
3.64999999999668
5.47500000003652
7.29999999999336
9.1250000000332
10.94999999999
12.7750000000299
14.5999999999867
16.4250000000266
18.2499999999834
20.0750000000232
21.8999999999801
23.7250000000199
25.5499999999768
27.3750000000166
29.1999999999734
31.0250000000133
32.8499999999701
34.67500000001
36.4999999999668
38.3250000000066
40.1499999999635
41.9750000000033
43.7999999999602
45.625
47.4500000000398
49.2749999999967
51.1000000000365
52.9249999999934
54.7500000000332
56.57499999999
58.4000000000299
60.2249999999867
62.0500000000266
63.8749999999834
65.7000000000232
67.5249999999801
69.3500000000199
71.1749999999768
73.0000000000166
74.8249999999734
76.6500000000133
78.4749999999701
80.30000000001
82.1249999999668
83.9500000000066
85.7749999999635
87.6000000000033
89.4249999999602
91.25
93.0750000000398
94.8999999999967
96.7250000000365
98.5499999999934
100.375000000033
102.19999999999
104.02500000003
105.849999999987
107.675000000027
109.499999999983
111.325000000023
113.14999999998
114.97500000002
116.799999999977
118.625000000017
120.449999999973
122.275000000013
124.09999999997
125.92500000001
127.749999999967
129.575000000007
131.399999999963
133.225000000003
135.04999999996
136.875
138.70000000004
140.524999999997
142.350000000037
144.174999999993
146.000000000033
147.82499999999
149.65000000003
151.474999999987
153.300000000027
155.124999999983
156.950000000023
158.77499999998
160.60000000002
162.424999999977
164.250000000017
166.074999999973
167.900000000013
169.72499999997
171.55000000001
173.374999999967
175.200000000007
177.024999999963
178.850000000003
180.67499999996
182.5
184.32500000004
186.149999999997
187.975000000037
189.799999999993
191.625000000033
193.44999999999
195.27500000003
197.099999999987
198.925000000027
200.749999999983
202.575000000023
204.39999999998
206.22500000002
208.049999999977
209.875000000017
211.699999999973
213.525000000013
215.34999999997
217.17500000001
218.999999999967
220.825000000007
222.649999999963
224.475000000003
226.29999999996
228.125
229.95000000004
231.774999999997
233.600000000037
235.424999999993
237.250000000033
239.07499999999
240.90000000003
242.724999999987
244.550000000027
246.374999999983
248.200000000023
250.02499999998
251.85000000002
253.674999999977
255.500000000017
257.324999999973
259.150000000013
260.97499999997
262.80000000001
264.624999999967
266.450000000007
268.274999999963
270.100000000003
271.92499999996
273.75
275.57500000004
277.399999999997
279.225000000037
281.049999999993
282.875000000033
284.69999999999
286.52500000003
288.349999999987
290.175000000027
291.999999999983
293.825000000023
295.64999999998
297.47500000002
299.299999999977
301.125000000017
302.949999999973
304.775000000013
306.59999999997
308.42500000001
310.249999999967
312.075000000007
313.899999999963
315.725000000003
317.54999999996
319.375
321.20000000004
323.024999999997
324.850000000037
326.674999999993
328.500000000033
330.32499999999
332.15000000003
333.974999999987
335.800000000027
337.624999999983
339.450000000023
341.27499999998
343.10000000002
344.924999999977
346.750000000017
348.574999999973
350.400000000013
352.22499999997
354.05000000001
355.874999999967
357.700000000007
359.524999999963
361.350000000003
363.17499999996
365
366.82500000004
368.649999999997
370.475000000037
372.299999999993
374.125000000033
375.94999999999
377.77500000003
379.599999999987
381.425000000027
383.249999999983
385.075000000023
386.89999999998
388.72500000002
390.549999999977
392.375000000017
394.199999999973
396.025000000013
397.84999999997
399.67500000001
401.499999999967
403.325000000007
405.149999999963
406.975000000003
408.79999999996
410.625
412.45000000004
414.274999999997
416.100000000037
417.924999999993
419.750000000033
421.57499999999
423.40000000003
425.224999999987
427.050000000027
428.874999999983
430.700000000023
432.52499999998
434.35000000002
436.174999999977
438.000000000017
439.824999999973
441.650000000013
443.47499999997
445.30000000001
447.124999999967
448.950000000007
450.774999999963
452.600000000003
454.42499999996
456.25
458.07500000004
459.899999999997
461.725000000037
463.549999999993
465.375000000033
467.19999999999
469.02500000003
470.849999999987
472.675000000027
474.499999999983
476.325000000023
478.14999999998
479.97500000002
481.799999999977
483.625000000017
485.449999999973
487.275000000013
489.09999999997
490.92500000001
492.749999999967
494.575000000007
496.399999999963
498.225000000003
500.04999999996
501.875
503.70000000004
505.524999999997
507.350000000037
509.174999999993
511.000000000033
512.82499999999
514.65000000003
516.474999999987
518.300000000027
520.124999999983
521.950000000023
523.77499999998
525.60000000002
527.424999999977
529.250000000017
531.074999999973
532.900000000013
534.72499999997
536.55000000001
538.374999999967
540.200000000007
542.024999999963
543.850000000003
545.67499999996
547.5
549.32500000004
551.149999999997
552.975000000037
554.799999999993
556.625000000033
558.44999999999
560.27500000003
562.099999999987
563.925000000027
565.749999999983
567.575000000023
569.39999999998
571.22500000002
573.049999999977
574.875000000017
576.699999999973
578.525000000013
580.34999999997
582.17500000001
583.999999999967
585.825000000007
587.649999999963
589.475000000003
591.29999999996
593.125
594.95000000004
596.774999999997
598.600000000037
600.424999999993
602.250000000033
604.07499999999
605.90000000003
607.724999999987
609.550000000027
611.374999999983
613.200000000023
615.02499999998
616.85000000002
618.674999999977
620.500000000017
622.324999999973
624.150000000013
625.97499999997
627.80000000001
629.624999999967
631.450000000007
633.274999999963
635.100000000003
636.92499999996
638.75
640.57500000004
642.399999999997
644.225000000037
646.049999999993
647.875000000033
649.69999999999
651.52500000003
653.349999999987
655.175000000027
656.999999999983
658.825000000023
660.64999999998
662.47500000002
664.299999999977
666.125000000017
667.949999999973
669.775000000013
671.59999999997
673.42500000001
675.249999999967
677.075000000007
678.899999999963
680.725000000003
682.54999999996
684.375
686.20000000004
688.024999999997
689.850000000037
691.674999999993
693.500000000033
695.32499999999
697.15000000003
698.974999999987
700.800000000027
702.624999999983
704.450000000023
706.27499999998
708.10000000002
709.924999999977
711.750000000017
713.574999999973
715.400000000013
717.22499999997
719.05000000001
720.874999999967
722.700000000007
724.524999999963
726.350000000003
728.17499999996
730
731.82500000004
733.649999999997
735.475000000037
737.299999999993
739.125000000033
740.94999999999
742.77500000003
744.599999999987
746.425000000027
748.249999999983
750.075000000023
751.89999999998
753.72500000002
755.549999999977
757.375000000017
759.199999999973
761.025000000013
762.84999999997
764.67500000001
766.499999999967
768.325000000007
770.149999999963
771.975000000003
773.79999999996
775.625
777.45000000004
779.274999999997
781.100000000037
782.924999999993
784.750000000033
786.57499999999
788.40000000003
790.224999999987
792.050000000027
793.874999999983
795.700000000023
797.52499999998
799.35000000002
801.174999999977
803.000000000017
804.824999999973
806.650000000013
808.47499999997
810.30000000001
812.124999999967
813.950000000007
815.774999999963
817.600000000003
819.42499999996
821.25
823.07500000004
824.899999999997
826.725000000037
828.549999999993
830.375000000033
832.19999999999
834.02500000003
835.849999999987
837.675000000027
839.499999999983
841.325000000023
843.14999999998
844.97500000002
846.799999999977
848.625000000017
850.449999999973
852.275000000013
854.09999999997
855.92500000001
857.749999999967
859.575000000007
861.399999999963
863.225000000003
865.04999999996
866.875
868.70000000004
870.524999999997
872.350000000037
874.174999999993
876.000000000033
877.82499999999
879.65000000003
881.474999999987
883.300000000027
885.124999999983
886.950000000023
888.77499999998
890.60000000002
892.424999999977
894.250000000017
896.074999999973
897.900000000013
899.72499999997
901.55000000001
903.374999999967
905.200000000007
907.024999999963
908.850000000003
910.67499999996
912.5
914.32500000004
916.149999999997
917.975000000037
919.799999999993
921.625000000033
923.44999999999
925.27500000003
927.099999999987
928.925000000027
930.749999999983
932.575000000023
934.39999999998
936.22500000002
938.049999999977
939.875000000017
941.699999999973
943.525000000013
945.34999999997
947.17500000001
948.999999999967
950.825000000007
952.649999999963
954.475000000003
956.29999999996
958.125
959.95000000004
961.774999999997
963.600000000037
965.424999999993
967.250000000033
969.07499999999
970.90000000003
972.724999999987
974.550000000027
976.374999999983
978.200000000023
980.02499999998
981.85000000002
983.674999999977
985.500000000017
987.324999999973
989.150000000013
990.97499999997
992.80000000001
994.624999999967
996.450000000007
998.274999999963
1000.1
1001.92499999996
1003.75
1005.57500000004
1007.4
1009.22500000004
1011.04999999999
1012.87500000003
1014.69999999999
1016.52500000003
1018.34999999999
1020.17500000003
1021.99999999998
1023.82500000002
1025.64999999998
1027.47500000002
1029.29999999998
1031.12500000002
1032.94999999997
1034.77500000001
1036.59999999997
1038.42500000001
1040.24999999997
1042.07500000001
1043.89999999996
1045.725
1047.54999999996
1049.375
1051.20000000004
1053.025
1054.85000000004
1056.67499999999
1058.50000000003
1060.32499999999
1062.15000000003
1063.97499999999
1065.80000000003
1067.62499999998
1069.45000000002
1071.27499999998
1073.10000000002
1074.92499999998
1076.75000000002
1078.57499999997
1080.40000000001
1082.22499999997
1084.05000000001
1085.87499999997
1087.70000000001
1089.52499999996
1091.35
1093.17499999996
1095
1096.82500000004
1098.65
1100.47500000004
1102.29999999999
1104.12500000003
1105.94999999999
1107.77500000003
1109.59999999999
1111.42500000003
1113.24999999998
1115.07500000002
1116.89999999998
1118.72500000002
1120.54999999998
1122.37500000002
1124.19999999997
1126.02500000001
1127.84999999997
1129.67500000001
1131.49999999997
1133.32500000001
1135.14999999996
1136.975
1138.79999999996
1140.625
1142.45000000004
1144.275
1146.10000000004
1147.92499999999
1149.75000000003
1151.57499999999
1153.40000000003
1155.22499999999
1157.05000000003
1158.87499999998
1160.70000000002
1162.52499999998
1164.35000000002
1166.17499999998
1168.00000000002
1169.82499999997
1171.65000000001
1173.47499999997
1175.30000000001
1177.12499999997
1178.95000000001
1180.77499999996
1182.6
1184.42499999996
1186.25
1188.07500000004
1189.9
1191.72500000004
1193.54999999999
1195.37500000003
1197.19999999999
1199.02500000003
1200.84999999999
1202.67500000003
1204.49999999998
1206.32500000002
1208.14999999998
1209.97500000002
1211.79999999998
1213.62500000002
1215.44999999997
1217.27500000001
1219.09999999997
1220.92500000001
1222.74999999997
1224.57500000001
1226.39999999996
1228.225
1230.04999999996
1231.875
1233.70000000004
1235.525
1237.35000000004
1239.17499999999
1241.00000000003
1242.82499999999
1244.65000000003
1246.47499999999
1248.30000000003
1250.12499999998
1251.95000000002
1253.77499999998
1255.60000000002
1257.42499999998
1259.25000000002
1261.07499999997
1262.90000000001
1264.72499999997
1266.55000000001
1268.37499999997
1270.20000000001
1272.02499999996
1273.85
1275.67499999996
1277.5
1279.32500000004
1281.15
1282.97500000004
1284.79999999999
1286.62500000003
1288.44999999999
1290.27500000003
1292.09999999999
1293.92500000003
1295.74999999998
1297.57500000002
1299.39999999998
1301.22500000002
1303.04999999998
1304.87500000002
1306.69999999997
1308.52500000001
1310.34999999997
1312.17500000001
1313.99999999997
1315.82500000001
1317.64999999996
1319.475
1321.29999999996
1323.125
1324.95000000004
1326.775
1328.60000000004
1330.42499999999
1332.25000000003
1334.07499999999
1335.90000000003
1337.72499999999
1339.55000000003
1341.37499999998
1343.20000000002
1345.02499999998
1346.85000000002
1348.67499999998
1350.50000000002
1352.32499999997
1354.15000000001
1355.97499999997
1357.80000000001
1359.62499999997
1361.45000000001
1363.27499999996
1365.1
1366.92499999996
1368.75
1370.57500000004
1372.4
1374.22500000004
1376.04999999999
1377.87500000003
1379.69999999999
1381.52500000003
1383.34999999999
1385.17500000003
1386.99999999998
1388.82500000002
1390.64999999998
1392.47500000002
1394.29999999998
1396.12500000002
1397.94999999997
1399.77500000001
1401.59999999997
1403.42500000001
1405.24999999997
1407.07500000001
1408.89999999996
1410.725
1412.54999999996
1414.375
1416.20000000004
1418.025
1419.85000000004
1421.67499999999
1423.50000000003
1425.32499999999
1427.15000000003
1428.97499999999
1430.80000000003
1432.62499999998
1434.45000000002
1436.27499999998
1438.10000000002
1439.92499999998
1441.75000000002
1443.57499999997
1445.40000000001
1447.22499999997
1449.05000000001
1450.87499999997
1452.70000000001
1454.52499999996
1456.35
1458.17499999996
1460
1461.82500000004
1463.65
1465.47500000004
1467.29999999999
1469.12500000003
1470.94999999999
1472.77500000003
1474.59999999999
1476.42500000003
1478.24999999998
1480.07500000002
1481.89999999998
1483.72500000002
1485.54999999998
1487.37500000002
1489.19999999997
1491.02500000001
1492.84999999997
1494.67500000001
1496.49999999997
1498.32500000001
1500.14999999996
1501.975
1503.79999999996
1505.625
1507.45000000004
1509.275
1511.10000000004
1512.92499999999
1514.75000000003
1516.57499999999
1518.40000000003
1520.22499999999
1522.05000000003
1523.87499999998
1525.70000000002
1527.52499999998
1529.35000000002
1531.17499999998
1533.00000000002
1534.82499999997
1536.65000000001
1538.47499999997
1540.30000000001
1542.12499999997
1543.95000000001
1545.77499999996
1547.6
1549.42499999996
1551.25
1553.07500000004
1554.9
1556.72500000004
1558.54999999999
1560.37500000003
1562.19999999999
1564.02500000003
1565.84999999999
1567.67500000003
1569.49999999998
1571.32500000002
1573.14999999998
1574.97500000002
1576.79999999998
1578.62500000002
1580.44999999997
1582.27500000001
1584.09999999997
1585.92500000001
1587.74999999997
1589.57500000001
1591.39999999996
1593.225
1595.04999999996
1596.875
1598.70000000004
1600.525
1602.35000000004
1604.17499999999
1606.00000000003
1607.82499999999
1609.65000000003
1611.47499999999
1613.30000000003
1615.12499999998
1616.95000000002
1618.77499999998
1620.60000000002
1622.42499999998
1624.25000000002
1626.07499999997
1627.90000000001
1629.72499999997
1631.55000000001
1633.37499999997
1635.20000000001
1637.02499999996
1638.85
1640.67499999996
1642.5
1644.32500000004
1646.15
1647.97500000004
1649.79999999999
1651.62500000003
1653.44999999999
1655.27500000003
1657.09999999999
1658.92500000003
1660.74999999998
1662.57500000002
1664.39999999998
1666.22500000002
1668.04999999998
1669.87500000002
1671.69999999997
1673.52500000001
1675.34999999997
1677.17500000001
1678.99999999997
1680.82500000001
1682.64999999996
1684.475
1686.29999999996
1688.125
1689.95000000004
1691.775
1693.60000000004
1695.42499999999
1697.25000000003
1699.07499999999
1700.90000000003
1702.72499999999
1704.55000000003
1706.37499999998
1708.20000000002
1710.02499999998
1711.85000000002
1713.67499999998
1715.50000000002
1717.32499999997
1719.15000000001
1720.97499999997
1722.80000000001
1724.62499999997
1726.45000000001
1728.27499999996
1730.1
1731.92499999996
1733.75
1735.57500000004
1737.4
1739.22500000004
1741.04999999999
1742.87500000003
1744.69999999999
1746.52500000003
1748.34999999999
1750.17500000003
1751.99999999998
1753.82500000002
1755.64999999998
1757.47500000002
1759.29999999998
1761.12500000002
1762.94999999997
1764.77500000001
1766.59999999997
1768.42500000001
1770.24999999997
1772.07500000001
1773.89999999996
1775.725
1777.54999999996
1779.375
1781.20000000004
1783.025
1784.85000000004
1786.67499999999
1788.50000000003
1790.32499999999
1792.15000000003
1793.97499999999
1795.80000000003
1797.62499999998
1799.45000000002
1801.27499999998
1803.10000000002
1804.92499999998
1806.75000000002
1808.57499999997
1810.40000000001
1812.22499999997
1814.05000000001
1815.87499999997
1817.70000000001
1819.52499999996
1821.35
1823.17499999996
1825
1826.82500000004
1828.65
1830.47500000004
1832.29999999999
1834.12500000003
1835.94999999999
1837.77500000003
1839.59999999999
1841.42500000003
1843.24999999998
1845.07500000002
1846.89999999998
1848.72500000002
1850.54999999998
1852.37500000002
1854.19999999997
1856.02500000001
1857.84999999997
1859.67500000001
1861.49999999997
1863.32500000001
1865.14999999996
1866.975
1868.79999999996
1870.625
1872.45000000004
1874.275
1876.10000000004
1877.92499999999
1879.75000000003
1881.57499999999
1883.40000000003
1885.22499999999
1887.05000000003
1888.87499999998
1890.70000000002
1892.52499999998
1894.35000000002
1896.17499999998
1898.00000000002
1899.82499999997
1901.65000000001
1903.47499999997
1905.30000000001
1907.12499999997
1908.95000000001
1910.77499999996
1912.6
1914.42499999996
1916.25
1918.07500000004
1919.9
1921.72500000004
1923.54999999999
1925.37500000003
1927.19999999999
1929.02500000003
1930.84999999999
1932.67500000003
1934.49999999998
1936.32500000002
1938.14999999998
1939.97500000002
1941.79999999998
1943.62500000002
1945.44999999997
1947.27500000001
1949.09999999997
1950.92500000001
1952.74999999997
1954.57500000001
1956.39999999996
1958.225
1960.04999999996
1961.875
1963.70000000004
1965.525
1967.35000000004
1969.17499999999
1971.00000000003
1972.82499999999
1974.65000000003
1976.47499999999
1978.30000000003
1980.12499999998
1981.95000000002
1983.77499999998
1985.60000000002
1987.42499999998
1989.25000000002
1991.07499999997
1992.90000000001
1994.72499999997
1996.55000000001
1998.37499999997
2000.20000000001
2002.02499999996
2003.85
2005.67499999996
2007.5
2009.32500000004
2011.15
2012.97500000004
2014.79999999999
2016.62500000003
2018.44999999999
2020.27500000003
2022.09999999999
2023.92500000003
2025.74999999998
2027.57500000002
2029.39999999998
2031.22500000002
2033.04999999998
2034.87500000002
2036.69999999997
2038.52500000001
2040.34999999997
2042.17500000001
2043.99999999997
2045.82500000001
2047.64999999996
2049.475
2051.29999999996
2053.125
2054.95000000004
2056.775
2058.60000000004
2060.42499999999
2062.25000000003
2064.07499999999
2065.90000000003
2067.72499999999
2069.55000000003
2071.37499999998
2073.20000000002
2075.02499999998
2076.85000000002
2078.67499999998
2080.50000000002
2082.32499999997
2084.15000000001
2085.97499999997
2087.80000000001
2089.62499999997
2091.45000000001
2093.27499999996
2095.1
2096.92499999996
2098.75
2100.57500000004
2102.4
2104.22500000004
2106.04999999999
2107.87500000003
2109.69999999999
2111.52500000003
2113.34999999999
2115.17500000003
2116.99999999998
2118.82500000002
2120.64999999998
2122.47500000002
2124.29999999998
2126.12500000002
2127.94999999997
2129.77500000001
2131.59999999997
2133.42500000001
2135.24999999997
2137.07500000001
2138.89999999996
2140.725
2142.54999999996
2144.375
2146.20000000004
2148.025
2149.85000000004
2151.67499999999
2153.50000000003
2155.32499999999
2157.15000000003
2158.97499999999
2160.80000000003
2162.62499999998
2164.45000000002
2166.27499999998
2168.10000000002
2169.92499999998
2171.75000000002
2173.57499999997
2175.40000000001
2177.22499999997
2179.05000000001
2180.87499999997
2182.70000000001
2184.52499999996
2186.35
2188.17499999996
2190
2191.82500000004
2193.65
2195.47500000004
2197.29999999999
2199.12500000003
2200.94999999999
2202.77500000003
2204.59999999999
2206.42500000003
2208.24999999998
2210.07500000002
2211.89999999998
2213.72500000002
2215.54999999998
2217.37500000002
2219.19999999997
2221.02500000001
2222.84999999997
2224.67500000001
2226.49999999997
2228.32500000001
2230.14999999996
2231.975
2233.79999999996
2235.625
2237.45000000004
2239.275
2241.10000000004
2242.92499999999
2244.75000000003
2246.57499999999
2248.40000000003
2250.22499999999
2252.05000000003
2253.87499999998
2255.70000000002
2257.52499999998
2259.35000000002
2261.17499999998
2263.00000000002
2264.82499999997
2266.65000000001
2268.47499999997
2270.30000000001
2272.12499999997
2273.95000000001
2275.77499999996
2277.6
2279.42499999996
2281.25
2283.07500000004
2284.9
2286.72500000004
2288.54999999999
2290.37500000003
2292.19999999999
2294.02500000003
2295.84999999999
2297.67500000003
2299.49999999998
2301.32500000002
2303.14999999998
2304.97500000002
2306.79999999998
2308.62500000002
2310.44999999997
2312.27500000001
2314.09999999997
2315.92500000001
2317.74999999997
2319.57500000001
2321.39999999996
2323.225
2325.04999999996
2326.875
2328.70000000004
2330.525
2332.35000000004
2334.17499999999
2336.00000000003
2337.82499999999
2339.65000000003
2341.47499999999
2343.30000000003
2345.12499999998
2346.95000000002
2348.77499999998
2350.60000000002
2352.42499999998
2354.25000000002
2356.07499999997
2357.90000000001
2359.72499999997
2361.55000000001
2363.37499999997
2365.20000000001
2367.02499999996
2368.85
2370.67499999996
2372.5
2374.32500000004
2376.15
2377.97500000004
2379.79999999999
2381.62500000003
2383.44999999999
2385.27500000003
2387.09999999999
2388.92500000003
2390.74999999998
2392.57500000002
2394.39999999998
2396.22500000002
2398.04999999998
2399.87500000002
2401.69999999997
2403.52500000001
2405.34999999997
2407.17500000001
2408.99999999997
2410.82500000001
2412.64999999996
2414.475
2416.29999999996
2418.125
2419.95000000004
2421.775
2423.60000000004
2425.42499999999
2427.25000000003
2429.07499999999
2430.90000000003
2432.72499999999
2434.55000000003
2436.37499999998
2438.20000000002
2440.02499999998
2441.85000000002
2443.67499999998
2445.50000000002
2447.32499999997
2449.15000000001
2450.97499999997
2452.80000000001
2454.62499999997
2456.45000000001
2458.27499999996
2460.1
2461.92499999996
2463.75
2465.57500000004
2467.4
2469.22500000004
2471.04999999999
2472.87500000003
2474.69999999999
2476.52500000003
2478.34999999999
2480.17500000003
2481.99999999998
2483.82500000002
2485.64999999998
2487.47500000002
2489.29999999998
2491.12500000002
2492.94999999997
2494.77500000001
2496.59999999997
2498.42500000001
2500.24999999997
2502.07500000001
2503.89999999996
2505.725
2507.54999999996
2509.375
2511.20000000004
2513.025
2514.85000000004
2516.67499999999
2518.50000000003
2520.32499999999
2522.15000000003
2523.97499999999
2525.80000000003
2527.62499999998
2529.45000000002
2531.27499999998
2533.10000000002
2534.92499999998
2536.75000000002
2538.57499999997
2540.40000000001
2542.22499999997
2544.05000000001
2545.87499999997
2547.70000000001
2549.52499999996
2551.35
2553.17499999996
2555
2556.82500000004
2558.65
2560.47500000004
2562.29999999999
2564.12500000003
2565.94999999999
2567.77500000003
2569.59999999999
2571.42500000003
2573.24999999998
2575.07500000002
2576.89999999998
2578.72500000002
2580.54999999998
2582.37500000002
2584.19999999997
2586.02500000001
2587.84999999997
2589.67500000001
2591.49999999997
2593.32500000001
2595.14999999996
2596.975
2598.79999999996
2600.625
2602.45000000004
2604.275
2606.10000000004
2607.92499999999
2609.75000000003
2611.57499999999
2613.40000000003
2615.22499999999
2617.05000000003
2618.87499999998
2620.70000000002
2622.52499999998
2624.35000000002
2626.17499999998
2628.00000000002
2629.82499999997
2631.65000000001
2633.47499999997
2635.30000000001
2637.12499999997
2638.95000000001
2640.77499999996
2642.6
2644.42499999996
2646.25
2648.07500000004
2649.9
2651.72500000004
2653.54999999999
2655.37500000003
2657.19999999999
2659.02500000003
2660.84999999999
2662.67500000003
2664.49999999998
2666.32500000002
2668.14999999998
2669.97500000002
2671.79999999998
2673.62500000002
2675.44999999997
2677.27500000001
2679.09999999997
2680.92500000001
2682.74999999997
2684.57500000001
2686.39999999996
2688.225
2690.04999999996
2691.875
2693.70000000004
2695.525
2697.35000000004
2699.17499999999
2701.00000000003
2702.82499999999
2704.65000000003
2706.47499999999
2708.30000000003
2710.12499999998
2711.95000000002
2713.77499999998
2715.60000000002
2717.42499999998
2719.25000000002
2721.07499999997
2722.90000000001
2724.72499999997
2726.55000000001
2728.37499999997
2730.20000000001
2732.02499999996
2733.85
2735.67499999996
2737.5
2739.32500000004
2741.15
2742.97500000004
2744.79999999999
2746.62500000003
2748.44999999999
2750.27500000003
2752.09999999999
2753.92500000003
2755.74999999998
2757.57500000002
2759.39999999998
2761.22500000002
2763.04999999998
2764.87500000002
2766.69999999997
2768.52500000001
2770.34999999997
2772.17500000001
2773.99999999997
2775.82500000001
2777.64999999996
2779.475
2781.29999999996
2783.125
2784.95000000004
2786.775
2788.60000000004
2790.42499999999
2792.25000000003
2794.07499999999
2795.90000000003
2797.72499999999
2799.55000000003
2801.37499999998
2803.20000000002
2805.02499999998
2806.85000000002
2808.67499999998
2810.50000000002
2812.32499999997
2814.15000000001
2815.97499999997
2817.80000000001
2819.62499999997
2821.45000000001
2823.27499999996
2825.1
2826.92499999996
2828.75
2830.57500000004
2832.4
2834.22500000004
2836.04999999999
2837.87500000003
2839.69999999999
2841.52500000003
2843.34999999999
2845.17500000003
2846.99999999998
2848.82500000002
2850.64999999998
2852.47500000002
2854.29999999998
2856.12500000002
2857.94999999997
2859.77500000001
2861.59999999997
2863.42500000001
2865.24999999997
2867.07500000001
2868.89999999996
2870.725
2872.54999999996
2874.375
2876.20000000004
2878.025
2879.85000000004
2881.67499999999
2883.50000000003
2885.32499999999
2887.15000000003
2888.97499999999
2890.80000000003
2892.62499999998
2894.45000000002
2896.27499999998
2898.10000000002
2899.92499999998
2901.75000000002
2903.57499999997
2905.40000000001
2907.22499999997
2909.05000000001
2910.87499999997
2912.70000000001
2914.52499999996
2916.35
2918.17499999996
2920
2921.82500000004
2923.65
2925.47500000004
2927.29999999999
2929.12500000003
2930.94999999999
2932.77500000003
2934.59999999999
2936.42500000003
2938.24999999998
2940.07500000002
2941.89999999998
2943.72500000002
2945.54999999998
2947.37500000002
2949.19999999997
2951.02500000001
2952.84999999997
2954.67500000001
2956.49999999997
2958.32500000001
2960.14999999996
2961.975
2963.79999999996
2965.625
2967.45000000004
2969.275
2971.10000000004
2972.92499999999
2974.75000000003
2976.57499999999
2978.40000000003
2980.22499999999
2982.05000000003
2983.87499999998
2985.70000000002
2987.52499999998
2989.35000000002
2991.17499999998
2993.00000000002
2994.82499999997
2996.65000000001
2998.47499999997
3000.30000000001
3002.12499999997
3003.95000000001
3005.77499999996
3007.6
3009.42499999996
3011.25
3013.07500000004
3014.9
3016.72500000004
3018.54999999999
3020.37500000003
3022.19999999999
3024.02500000003
3025.84999999999
3027.67500000003
3029.49999999998
3031.32500000002
3033.14999999998
3034.97500000002
3036.79999999998
3038.62500000002
3040.44999999997
3042.27500000001
3044.09999999997
3045.92500000001
3047.74999999997
3049.57500000001
3051.39999999996
3053.225
3055.04999999996
3056.875
3058.70000000004
3060.525
3062.35000000004
3064.17499999999
3066.00000000003
3067.82499999999
3069.65000000003
3071.47499999999
3073.30000000003
3075.12499999998
3076.95000000002
3078.77499999998
3080.60000000002
3082.42499999998
3084.25000000002
3086.07499999997
3087.90000000001
3089.72499999997
3091.55000000001
3093.37499999997
3095.20000000001
3097.02499999996
3098.85
3100.67499999996
3102.5
3104.32500000004
3106.15
3107.97500000004
3109.79999999999
3111.62500000003
3113.44999999999
3115.27500000003
3117.09999999999
3118.92500000003
3120.74999999998
3122.57500000002
3124.39999999998
3126.22500000002
3128.04999999998
3129.87500000002
3131.69999999997
3133.52500000001
3135.34999999997
3137.17500000001
3138.99999999997
3140.82500000001
3142.64999999996
3144.475
3146.29999999996
3148.125
3149.95000000004
3151.775
3153.60000000004
3155.42499999999
3157.25000000003
3159.07499999999
3160.90000000003
3162.72499999999
3164.55000000003
3166.37499999998
3168.20000000002
3170.02499999998
3171.85000000002
3173.67499999998
3175.50000000002
3177.32499999997
3179.15000000001
3180.97499999997
3182.80000000001
3184.62499999997
3186.45000000001
3188.27499999996
3190.1
3191.92499999996
3193.75
3195.57500000004
3197.4
3199.22500000004
3201.04999999999
3202.87500000003
3204.69999999999
3206.52500000003
3208.34999999999
3210.17500000003
3211.99999999998
3213.82500000002
3215.64999999998
3217.47500000002
3219.29999999998
3221.12500000002
3222.94999999997
3224.77500000001
3226.59999999997
3228.42500000001
3230.24999999997
3232.07500000001
3233.89999999996
3235.725
3237.54999999996
3239.375
3241.20000000004
3243.025
3244.85000000004
3246.67499999999
3248.50000000003
3250.32499999999
3252.15000000003
3253.97499999999
3255.80000000003
3257.62499999998
3259.45000000002
3261.27499999998
3263.10000000002
3264.92499999998
3266.75000000002
3268.57499999997
3270.40000000001
3272.22499999997
3274.05000000001
3275.87499999997
3277.70000000001
3279.52499999996
3281.35
3283.17499999996
3285
3286.82500000004
3288.65
3290.47500000004
3292.29999999999
3294.12500000003
3295.94999999999
3297.77500000003
3299.59999999999
3301.42500000003
3303.24999999998
3305.07500000002
3306.89999999998
3308.72500000002
3310.54999999998
3312.37500000002
3314.19999999997
3316.02500000001
3317.84999999997
3319.67500000001
3321.49999999997
3323.32500000001
3325.14999999996
3326.975
3328.79999999996
3330.625
3332.45000000004
3334.275
3336.10000000004
3337.92499999999
3339.75000000003
3341.57499999999
3343.40000000003
3345.22499999999
3347.05000000003
3348.87499999998
3350.70000000002
3352.52499999998
3354.35000000002
3356.17499999998
3358.00000000002
3359.82499999997
3361.65000000001
3363.47499999997
3365.30000000001
3367.12499999997
3368.95000000001
3370.77499999996
3372.6
3374.42499999996
3376.25
3378.07500000004
3379.9
3381.72500000004
3383.54999999999
3385.37500000003
3387.19999999999
3389.02500000003
3390.84999999999
3392.67500000003
3394.49999999998
3396.32500000002
3398.14999999998
3399.97500000002
3401.79999999998
3403.62500000002
3405.44999999997
3407.27500000001
3409.09999999997
3410.92500000001
3412.74999999997
3414.57500000001
3416.39999999996
3418.225
3420.04999999996
3421.875
3423.70000000004
3425.525
3427.35000000004
3429.17499999999
3431.00000000003
3432.82499999999
3434.65000000003
3436.47499999999
3438.30000000003
3440.12499999998
3441.95000000002
3443.77499999998
3445.60000000002
3447.42499999998
3449.25000000002
3451.07499999997
3452.90000000001
3454.72499999997
3456.55000000001
3458.37499999997
3460.20000000001
3462.02499999996
3463.85
3465.67499999996
3467.5
3469.32500000004
3471.15
3472.97500000004
3474.79999999999
3476.62500000003
3478.44999999999
3480.27500000003
3482.09999999999
3483.92500000003
3485.74999999998
3487.57500000002
3489.39999999998
3491.22500000002
3493.04999999998
3494.87500000002
3496.69999999997
3498.52500000001
3500.34999999997
3502.17500000001
3503.99999999997
3505.82500000001
3507.64999999996
3509.475
3511.29999999996
3513.125
3514.95000000004
3516.775
3518.60000000004
3520.42499999999
3522.25000000003
3524.07499999999
3525.90000000003
3527.72499999999
3529.55000000003
3531.37499999998
3533.20000000002
3535.02499999998
3536.85000000002
3538.67499999998
3540.50000000002
3542.32499999997
3544.15000000001
3545.97499999997
3547.80000000001
3549.62499999997
3551.45000000001
3553.27499999996
3555.1
3556.92499999996
3558.75
3560.57500000004
3562.4
3564.22500000004
3566.04999999999
3567.87500000003
3569.69999999999
3571.52500000003
3573.34999999999
3575.17500000003
3576.99999999998
3578.82500000002
3580.64999999998
3582.47500000002
3584.29999999998
3586.12500000002
3587.94999999997
3589.77500000001
3591.59999999997
3593.42500000001
3595.24999999997
3597.07500000001
3598.89999999996
3600.725
3602.54999999996
3604.375
3606.20000000004
3608.025
3609.85000000004
3611.67499999999
3613.50000000003
3615.32499999999
3617.15000000003
3618.97499999999
3620.80000000003
3622.62499999998
3624.45000000002
3626.27499999998
3628.10000000002
3629.92499999998
3631.75000000002
3633.57499999997
3635.40000000001
3637.22499999997
3639.05000000001
3640.87499999997
3642.70000000001
3644.52499999996
3646.35
3648.17499999996
3650
3651.82500000004
3653.65
3655.47500000004
3657.29999999999
3659.12500000003
3660.94999999999
3662.77500000003
3664.59999999999
3666.42500000003
3668.24999999998
3670.07500000002
3671.89999999998
3673.72500000002
3675.54999999998
3677.37500000002
3679.19999999997
3681.02500000001
3682.84999999997
3684.67500000001
3686.49999999997
3688.32500000001
3690.14999999996
3691.975
3693.79999999996
3695.625
3697.45000000004
3699.275
3701.10000000004
3702.92499999999
3704.75000000003
3706.57499999999
3708.40000000003
3710.22499999999
3712.05000000003
3713.87499999998
3715.70000000002
3717.52499999998
3719.35000000002
3721.17499999998
3723.00000000002
3724.82499999997
3726.65000000001
3728.47499999997
3730.30000000001
3732.12499999997
3733.95000000001
3735.77499999996
3737.6
3739.42499999996
3741.25
3743.07500000004
3744.9
3746.72500000004
3748.54999999999
3750.37500000003
3752.19999999999
3754.02500000003
3755.84999999999
3757.67500000003
3759.49999999998
3761.32500000002
3763.14999999998
3764.97500000002
3766.79999999998
3768.62500000002
3770.44999999997
3772.27500000001
3774.09999999997
3775.92500000001
3777.74999999997
3779.57500000001
3781.39999999996
3783.225
3785.04999999996
3786.875
3788.70000000004
3790.525
3792.35000000004
3794.17499999999
3796.00000000003
3797.82499999999
3799.65000000003
3801.47499999999
3803.30000000003
3805.12499999998
3806.95000000002
3808.77499999998
3810.60000000002
3812.42499999998
3814.25000000002
3816.07499999997
3817.90000000001
3819.72499999997
3821.55000000001
3823.37499999997
3825.20000000001
3827.02499999996
3828.85
3830.67499999996
3832.5
3834.32500000004
3836.15
3837.97500000004
3839.79999999999
3841.62500000003
3843.44999999999
3845.27500000003
3847.09999999999
3848.92500000003
3850.74999999998
3852.57500000002
3854.39999999998
3856.22500000002
3858.04999999998
3859.87500000002
3861.69999999997
3863.52500000001
3865.34999999997
3867.17500000001
3868.99999999997
3870.82500000001
3872.64999999996
3874.475
3876.29999999996
3878.125
3879.95000000004
3881.775
3883.60000000004
3885.42499999999
3887.25000000003
3889.07499999999
3890.90000000003
3892.72499999999
3894.55000000003
3896.37499999998
3898.20000000002
3900.02499999998
3901.85000000002
3903.67499999998
3905.50000000002
3907.32499999997
3909.15000000001
3910.97499999997
3912.80000000001
3914.62499999997
3916.45000000001
3918.27499999996
3920.1
3921.92499999996
3923.75
3925.57500000004
3927.4
3929.22500000004
3931.04999999999
3932.87500000003
3934.69999999999
3936.52500000003
3938.34999999999
3940.17500000003
3941.99999999998
3943.82500000002
3945.64999999998
3947.47500000002
3949.29999999998
3951.12500000002
3952.94999999997
3954.77500000001
3956.59999999997
3958.42500000001
3960.24999999997
3962.07500000001
3963.89999999996
3965.725
3967.54999999996
3969.375
3971.20000000004
3973.025
3974.85000000004
3976.67499999999
3978.50000000003
3980.32499999999
3982.15000000003
3983.97499999999
3985.80000000003
3987.62499999998
3989.45000000002
3991.27499999998
3993.10000000002
3994.92499999998
3996.75000000002
3998.57499999997
4000.40000000001
4002.22499999997
4004.05000000001
4005.87499999997
4007.70000000001
4009.52499999996
4011.35
4013.17499999996
4015
4016.82500000004
4018.65
4020.47500000004
4022.29999999999
4024.12500000003
4025.94999999999
4027.77500000003
4029.59999999999
4031.42500000003
4033.24999999998
4035.07500000002
4036.89999999998
4038.72500000002
4040.54999999998
4042.37500000002
4044.19999999997
4046.02500000001
4047.84999999997
4049.67500000001
4051.49999999997
4053.32500000001
4055.14999999996
4056.975
4058.79999999996
4060.625
4062.45000000004
4064.275
4066.10000000004
4067.92499999999
4069.75000000003
4071.57499999999
4073.40000000003
4075.22499999999
4077.05000000003
4078.87499999998
4080.70000000002
4082.52499999998
4084.35000000002
4086.17499999998
4088.00000000002
4089.82499999997
4091.65000000001
4093.47499999997
4095.30000000001
4097.12499999997
4098.95000000001
4100.77499999996
4102.6
4104.42499999996
4106.25
4108.07500000004
4109.9
4111.72500000004
4113.54999999999
4115.37500000003
4117.19999999999
4119.02500000003
4120.84999999999
4122.67500000003
4124.49999999998
4126.32500000002
4128.14999999998
4129.97500000002
4131.79999999998
4133.62500000002
4135.44999999997
4137.27500000001
4139.09999999997
4140.92500000001
4142.74999999997
4144.57500000001
4146.39999999996
4148.225
4150.04999999996
4151.875
4153.70000000004
4155.525
4157.35000000004
4159.17499999999
4161.00000000003
4162.82499999999
4164.65000000003
4166.47499999999
4168.30000000003
4170.12499999998
4171.95000000002
4173.77499999998
4175.60000000002
4177.42499999998
4179.25000000002
4181.07499999997
4182.90000000001
4184.72499999997
4186.55000000001
4188.37499999997
4190.20000000001
4192.02499999996
4193.85
4195.67499999996
4197.5
4199.32500000004
4201.15
4202.97500000004
4204.79999999999
4206.62500000003
4208.44999999999
4210.27500000003
4212.09999999999
4213.92500000003
4215.74999999998
4217.57500000002
4219.39999999998
4221.22500000002
4223.04999999998
4224.87500000002
4226.69999999997
4228.52500000001
4230.34999999997
4232.17500000001
4233.99999999997
4235.82500000001
4237.64999999996
4239.475
4241.29999999996
4243.125
4244.95000000004
4246.775
4248.60000000004
4250.42499999999
4252.25000000003
4254.07499999999
4255.90000000003
4257.72499999999
4259.55000000003
4261.37499999998
4263.20000000002
4265.02499999998
4266.85000000002
4268.67499999998
4270.50000000002
4272.32499999997
4274.15000000001
4275.97499999997
4277.80000000001
4279.62499999997
4281.45000000001
4283.27499999996
4285.1
4286.92499999996
4288.75
4290.57500000004
4292.4
4294.22500000004
4296.04999999999
4297.87500000003
4299.69999999999
4301.52500000003
4303.34999999999
4305.17500000003
4306.99999999998
4308.82500000002
4310.64999999998
4312.47500000002
4314.29999999998
4316.12500000002
4317.94999999997
4319.77500000001
4321.59999999997
4323.42500000001
4325.24999999997
4327.07500000001
4328.89999999996
4330.725
4332.54999999996
4334.375
4336.20000000004
4338.025
4339.85000000004
4341.67499999999
4343.50000000003
4345.32499999999
4347.15000000003
4348.97499999999
4350.80000000003
4352.62499999998
4354.45000000002
4356.27499999998
4358.10000000002
4359.92499999998
4361.75000000002
4363.57499999997
4365.40000000001
4367.22499999997
4369.05000000001
4370.87499999997
4372.70000000001
4374.52499999996
4376.35
4378.17499999996
4380
4381.82500000004
4383.65
4385.47500000004
4387.29999999999
4389.12500000003
4390.94999999999
4392.77500000003
4394.59999999999
4396.42500000003
4398.24999999998
4400.07500000002
4401.89999999998
4403.72500000002
4405.54999999998
4407.37500000002
4409.19999999997
4411.02500000001
4412.84999999997
4414.67500000001
4416.49999999997
4418.32500000001
4420.14999999996
4421.975
4423.79999999996
4425.625
4427.45000000004
4429.275
4431.10000000004
4432.92499999999
4434.75000000003
4436.57499999999
4438.40000000003
4440.22499999999
4442.05000000003
4443.87499999998
4445.70000000002
4447.52499999998
4449.35000000002
4451.17499999998
4453.00000000002
4454.82499999997
4456.65000000001
4458.47499999997
4460.30000000001
4462.12499999997
4463.95000000001
4465.77499999996
4467.6
4469.42499999996
4471.25
4473.07500000004
4474.9
4476.72500000004
4478.54999999999
4480.37500000003
4482.19999999999
4484.02500000003
4485.84999999999
4487.67500000003
4489.49999999998
4491.32500000002
4493.14999999998
4494.97500000002
4496.79999999998
4498.62500000002
4500.44999999997
4502.27500000001
4504.09999999997
4505.92500000001
4507.74999999997
4509.57500000001
4511.39999999996
4513.225
4515.04999999996
4516.875
4518.70000000004
4520.525
4522.35000000004
4524.17499999999
4526.00000000003
4527.82499999999
4529.65000000003
4531.47499999999
4533.30000000003
4535.12499999998
4536.95000000002
4538.77499999998
4540.60000000002
4542.42499999998
4544.25000000002
4546.07499999997
4547.90000000001
4549.72499999997
4551.55000000001
4553.37499999997
4555.20000000001
4557.02499999996
4558.85
4560.67499999996
4562.5
4564.32500000004
4566.15
4567.97500000004
4569.79999999999
4571.62500000003
4573.44999999999
4575.27500000003
4577.09999999999
4578.92500000003
4580.74999999998
4582.57500000002
4584.39999999998
4586.22500000002
4588.04999999998
4589.87500000002
4591.69999999997
4593.52500000001
4595.34999999997
4597.17500000001
4598.99999999997
4600.82500000001
4602.64999999996
4604.475
4606.29999999996
4608.125
4609.95000000004
4611.775
4613.60000000004
4615.42499999999
4617.25000000003
4619.07499999999
4620.90000000003
4622.72499999999
4624.55000000003
4626.37499999998
4628.20000000002
4630.02499999998
4631.85000000002
4633.67499999998
4635.50000000002
4637.32499999997
4639.15000000001
4640.97499999997
4642.80000000001
4644.62499999997
4646.45000000001
4648.27499999996
4650.1
4651.92499999996
4653.75
4655.57500000004
4657.4
4659.22500000004
4661.04999999999
4662.87500000003
4664.69999999999
4666.52500000003
4668.34999999999
4670.17500000003
4671.99999999998
4673.82500000002
4675.64999999998
4677.47500000002
4679.29999999998
4681.12500000002
4682.94999999997
4684.77500000001
4686.59999999997
4688.42500000001
4690.24999999997
4692.07500000001
4693.89999999996
4695.725
4697.54999999996
4699.375
4701.20000000004
4703.025
4704.85000000004
4706.67499999999
4708.50000000003
4710.32499999999
4712.15000000003
4713.97499999999
4715.80000000003
4717.62499999998
4719.45000000002
4721.27499999998
4723.10000000002
4724.92499999998
4726.75000000002
4728.57499999997
4730.40000000001
4732.22499999997
4734.05000000001
4735.87499999997
4737.70000000001
4739.52499999996
4741.35
4743.17499999996
4745
4746.82500000004
4748.65
4750.47500000004
4752.29999999999
4754.12500000003
4755.94999999999
4757.77500000003
4759.59999999999
4761.42500000003
4763.24999999998
4765.07500000002
4766.89999999998
4768.72500000002
4770.54999999998
4772.37500000002
4774.19999999997
4776.02500000001
4777.84999999997
4779.67500000001
4781.49999999997
4783.32500000001
4785.14999999996
4786.975
4788.79999999996
4790.625
4792.45000000004
4794.275
4796.10000000004
4797.92499999999
4799.75000000003
4801.57499999999
4803.40000000003
4805.22499999999
4807.05000000003
4808.87499999998
4810.70000000002
4812.52499999998
4814.35000000002
4816.17499999998
4818.00000000002
4819.82499999997
4821.65000000001
4823.47499999997
4825.30000000001
4827.12499999997
4828.95000000001
4830.77499999996
4832.6
4834.42499999996
4836.25
4838.07500000004
4839.9
4841.72500000004
4843.54999999999
4845.37500000003
4847.19999999999
4849.02500000003
4850.84999999999
4852.67500000003
4854.49999999998
4856.32500000002
4858.14999999998
4859.97500000002
4861.79999999998
4863.62500000002
4865.44999999997
4867.27500000001
4869.09999999997
4870.92500000001
4872.74999999997
4874.57500000001
4876.39999999996
4878.225
4880.04999999996
4881.875
4883.70000000004
4885.525
4887.35000000004
4889.17499999999
4891.00000000003
4892.82499999999
4894.65000000003
4896.47499999999
4898.30000000003
4900.12499999998
4901.95000000002
4903.77499999998
4905.60000000002
4907.42499999998
4909.25000000002
4911.07499999997
4912.90000000001
4914.72499999997
4916.55000000001
4918.37499999997
4920.20000000001
4922.02499999996
4923.85
4925.67499999996
4927.5
4929.32500000004
4931.15
4932.97500000004
4934.79999999999
4936.62500000003
4938.44999999999
4940.27500000003
4942.09999999999
4943.92500000003
4945.74999999998
4947.57500000002
4949.39999999998
4951.22500000002
4953.04999999998
4954.87500000002
4956.69999999997
4958.52500000001
4960.34999999997
4962.17500000001
4963.99999999997
4965.82500000001
4967.64999999996
4969.475
4971.29999999996
4973.125
4974.95000000004
4976.775
4978.60000000004
4980.42499999999
4982.25000000003
4984.07499999999
4985.90000000003
4987.72499999999
4989.55000000003
4991.37499999998
4993.20000000002
4995.02499999998
4996.85000000002
4998.67499999998
5000.50000000002
5002.32499999997
5004.15000000001
5005.97499999997
5007.80000000001
5009.62499999997
5011.45000000001
5013.27499999996
5015.1
5016.92499999996
5018.75
5020.57500000004
5022.4
5024.22500000004
5026.04999999999
5027.87500000003
5029.69999999999
5031.52500000003
5033.34999999999
5035.17500000003
5036.99999999998
5038.82500000002
5040.64999999998
5042.47500000002
5044.29999999998
5046.12500000002
5047.94999999997
5049.77500000001
5051.59999999997
5053.42500000001
5055.24999999997
5057.07500000001
5058.89999999996
5060.725
5062.54999999996
5064.375
5066.20000000004
5068.025
5069.85000000004
5071.67499999999
5073.50000000003
5075.32499999999
5077.15000000003
5078.97499999999
5080.80000000003
5082.62499999998
5084.45000000002
5086.27499999998
5088.10000000002
5089.92499999998
5091.75000000002
5093.57499999997
5095.40000000001
5097.22499999997
5099.05000000001
5100.87499999997
5102.70000000001
5104.52499999996
5106.35
5108.17499999996
5110
5111.82500000004
5113.65
5115.47500000004
5117.29999999999
5119.12500000003
5120.94999999999
5122.77500000003
5124.59999999999
5126.42500000003
5128.24999999998
5130.07500000002
5131.89999999998
5133.72500000002
5135.54999999998
5137.37500000002
5139.19999999997
5141.02500000001
5142.84999999997
5144.67500000001
5146.49999999997
5148.32500000001
5150.14999999996
5151.975
5153.79999999996
5155.625
5157.45000000004
5159.275
5161.10000000004
5162.92499999999
5164.75000000003
5166.57499999999
5168.40000000003
5170.22499999999
5172.05000000003
5173.87499999998
5175.70000000002
5177.52499999998
5179.35000000002
5181.17499999998
5183.00000000002
5184.82499999997
5186.65000000001
5188.47499999997
5190.30000000001
5192.12499999997
5193.95000000001
5195.77499999996
5197.6
5199.42499999996
5201.25
5203.07500000004
5204.9
5206.72500000004
5208.54999999999
5210.37500000003
5212.19999999999
5214.02500000003
5215.84999999999
5217.67500000003
5219.49999999998
5221.32500000002
5223.14999999998
5224.97500000002
5226.79999999998
5228.62500000002
5230.44999999997
5232.27500000001
5234.09999999997
5235.92500000001
5237.74999999997
5239.57500000001
5241.39999999996
5243.225
5245.04999999996
5246.875
5248.70000000004
5250.525
5252.35000000004
5254.17499999999
5256.00000000003
5257.82499999999
5259.65000000003
5261.47499999999
5263.30000000003
5265.12499999998
5266.95000000002
5268.77499999998
5270.60000000002
5272.42499999998
5274.25000000002
5276.07499999997
5277.90000000001
5279.72499999997
5281.55000000001
5283.37499999997
5285.20000000001
5287.02499999996
5288.85
5290.67499999996
5292.5
5294.32500000004
5296.15
5297.97500000004
5299.79999999999
5301.62500000003
5303.44999999999
5305.27500000003
5307.09999999999
5308.92500000003
5310.74999999998
5312.57500000002
5314.39999999998
5316.22500000002
5318.04999999998
5319.87500000002
5321.69999999997
5323.52500000001
5325.34999999997
5327.17500000001
5328.99999999997
5330.82500000001
5332.64999999996
5334.475
5336.29999999996
5338.125
5339.95000000004
5341.775
5343.60000000004
5345.42499999999
5347.25000000003
5349.07499999999
5350.90000000003
5352.72499999999
5354.55000000003
5356.37499999998
5358.20000000002
5360.02499999998
5361.85000000002
5363.67499999998
5365.50000000002
5367.32499999997
5369.15000000001
5370.97499999997
5372.80000000001
5374.62499999997
5376.45000000001
5378.27499999996
5380.1
5381.92499999996
5383.75
5385.57500000004
5387.4
5389.22500000004
5391.04999999999
5392.87500000003
5394.69999999999
5396.52500000003
5398.34999999999
5400.17500000003
5401.99999999998
5403.82500000002
5405.64999999998
5407.47500000002
5409.29999999998
5411.12500000002
5412.94999999997
5414.77500000001
5416.59999999997
5418.42500000001
5420.24999999997
5422.07500000001
5423.89999999996
5425.725
5427.54999999996
5429.375
5431.20000000004
5433.025
5434.85000000004
5436.67499999999
5438.50000000003
5440.32499999999
5442.15000000003
5443.97499999999
5445.80000000003
5447.62499999998
5449.45000000002
5451.27499999998
5453.10000000002
5454.92499999998
5456.75000000002
5458.57499999997
5460.40000000001
5462.22499999997
5464.05000000001
5465.87499999997
5467.70000000001
5469.52499999996
5471.35
5473.17499999996
5475
5476.82500000004
5478.65
5480.47500000004
5482.29999999999
5484.12500000003
5485.94999999999
5487.77500000003
5489.59999999999
5491.42500000003
5493.24999999998
5495.07500000002
5496.89999999998
5498.72500000002
5500.54999999998
5502.37500000002
5504.19999999997
5506.02500000001
5507.84999999997
5509.67500000001
5511.49999999997
5513.32500000001
5515.14999999996
5516.975
5518.79999999996
5520.625
5522.45000000004
5524.275
5526.10000000004
5527.92499999999
5529.75000000003
5531.57499999999
5533.40000000003
5535.22499999999
5537.05000000003
5538.87499999998
5540.70000000002
5542.52499999998
5544.35000000002
5546.17499999998
5548.00000000002
5549.82499999997
5551.65000000001
5553.47499999997
5555.30000000001
5557.12499999997
5558.95000000001
5560.77499999996
5562.6
5564.42499999996
5566.25
5568.07500000004
5569.9
5571.72500000004
5573.54999999999
5575.37500000003
5577.19999999999
5579.02500000003
5580.84999999999
5582.67500000003
5584.49999999998
5586.32500000002
5588.14999999998
5589.97500000002
5591.79999999998
5593.62500000002
5595.44999999997
5597.27500000001
5599.09999999997
5600.92500000001
5602.74999999997
5604.57500000001
5606.39999999996
5608.225
5610.04999999996
5611.875
5613.70000000004
5615.525
5617.35000000004
5619.17499999999
5621.00000000003
5622.82499999999
5624.65000000003
5626.47499999999
5628.30000000003
5630.12499999998
5631.95000000002
5633.77499999998
5635.60000000002
5637.42499999998
5639.25000000002
5641.07499999997
5642.90000000001
5644.72499999997
5646.55000000001
5648.37499999997
5650.20000000001
5652.02499999996
5653.85
5655.67499999996
5657.5
5659.32500000004
5661.15
5662.97500000004
5664.79999999999
5666.62500000003
5668.44999999999
5670.27500000003
5672.09999999999
5673.92500000003
5675.74999999998
5677.57500000002
5679.39999999998
5681.22500000002
5683.04999999998
5684.87500000002
5686.69999999997
5688.52500000001
5690.34999999997
5692.17500000001
5693.99999999997
5695.82500000001
5697.64999999996
5699.475
5701.29999999996
5703.125
5704.95000000004
5706.775
5708.60000000004
5710.42499999999
5712.25000000003
5714.07499999999
5715.90000000003
5717.72499999999
5719.55000000003
5721.37499999998
5723.20000000002
5725.02499999998
5726.85000000002
5728.67499999998
5730.50000000002
5732.32499999997
5734.15000000001
5735.97499999997
5737.80000000001
5739.62499999997
5741.45000000001
5743.27499999996
5745.1
5746.92499999996
5748.75
5750.57500000004
5752.4
5754.22500000004
5756.04999999999
5757.87500000003
5759.69999999999
5761.52500000003
5763.34999999999
5765.17500000003
5766.99999999998
5768.82500000002
5770.64999999998
5772.47500000002
5774.29999999998
5776.12500000002
5777.94999999997
5779.77500000001
5781.59999999997
5783.42500000001
5785.24999999997
5787.07500000001
5788.89999999996
5790.725
5792.54999999996
5794.375
5796.20000000004
5798.025
5799.85000000004
5801.67499999999
5803.50000000003
5805.32499999999
5807.15000000003
5808.97499999999
5810.80000000003
5812.62499999998
5814.45000000002
5816.27499999998
5818.10000000002
5819.92499999998
5821.75000000002
5823.57499999997
5825.40000000001
5827.22499999997
5829.05000000001
5830.87499999997
5832.70000000001
5834.52499999996
5836.35
5838.17499999996
5840
5841.82500000004
5843.65
5845.47500000004
5847.29999999999
5849.12500000003
5850.94999999999
5852.77500000003
5854.59999999999
5856.42500000003
5858.24999999998
5860.07500000002
5861.89999999998
5863.72500000002
5865.54999999998
5867.37500000002
5869.19999999997
5871.02500000001
5872.84999999997
5874.67500000001
5876.49999999997
5878.32500000001
5880.14999999996
5881.975
5883.79999999996
5885.625
5887.45000000004
5889.275
5891.10000000004
5892.92499999999
5894.75000000003
5896.57499999999
5898.40000000003
5900.22499999999
5902.05000000003
5903.87499999998
5905.70000000002
5907.52499999998
5909.35000000002
5911.17499999998
5913.00000000002
5914.82499999997
5916.65000000001
5918.47499999997
5920.30000000001
5922.12499999997
5923.95000000001
5925.77499999996
5927.6
5929.42499999996
5931.25
5933.07500000004
5934.9
5936.72500000004
5938.54999999999
5940.37500000003
5942.19999999999
5944.02500000003
5945.84999999999
5947.67500000003
5949.49999999998
5951.32500000002
5953.14999999998
5954.97500000002
5956.79999999998
5958.62500000002
5960.44999999997
5962.27500000001
5964.09999999997
5965.92500000001
5967.74999999997
5969.57500000001
5971.39999999996
5973.225
5975.04999999996
5976.875
5978.70000000004
5980.525
5982.35000000004
5984.17499999999
5986.00000000003
5987.82499999999
5989.65000000003
5991.47499999999
5993.30000000003
5995.12499999998
5996.95000000002
5998.77499999998
6000.60000000002
6002.42499999998
6004.25000000002
6006.07499999997
6007.90000000001
6009.72499999997
6011.55000000001
6013.37499999997
6015.20000000001
6017.02499999996
6018.85
6020.67499999996
6022.5
6024.32500000004
6026.15
6027.97500000004
6029.79999999999
6031.62500000003
6033.44999999999
6035.27500000003
6037.09999999999
6038.92500000003
6040.74999999998
6042.57500000002
6044.39999999998
6046.22500000002
6048.04999999998
6049.87500000002
6051.69999999997
6053.52500000001
6055.34999999997
6057.17500000001
6058.99999999997
6060.82500000001
6062.64999999996
6064.475
6066.29999999996
6068.125
6069.95000000004
6071.775
6073.60000000004
6075.42499999999
6077.25000000003
6079.07499999999
6080.90000000003
6082.72499999999
6084.55000000003
6086.37499999998
6088.20000000002
6090.02499999998
6091.85000000002
6093.67499999998
6095.50000000002
6097.32499999997
6099.15000000001
6100.97499999997
6102.80000000001
6104.62499999997
6106.45000000001
6108.27499999996
6110.1
6111.92499999996
6113.75
6115.57500000004
6117.4
6119.22500000004
6121.04999999999
6122.87500000003
6124.69999999999
6126.52500000003
6128.34999999999
6130.17500000003
6131.99999999998
6133.82500000002
6135.64999999998
6137.47500000002
6139.29999999998
6141.12500000002
6142.94999999997
6144.77500000001
6146.59999999997
6148.42500000001
6150.24999999997
6152.07500000001
6153.89999999996
6155.725
6157.54999999996
6159.375
6161.20000000004
6163.025
6164.85000000004
6166.67499999999
6168.50000000003
6170.32499999999
6172.15000000003
6173.97499999999
6175.80000000003
6177.62499999998
6179.45000000002
6181.27499999998
6183.10000000002
6184.92499999998
6186.75000000002
6188.57499999997
6190.40000000001
6192.22499999997
6194.05000000001
6195.87499999997
6197.70000000001
6199.52499999996
6201.35
6203.17499999996
6205
6206.82500000004
6208.65
6210.47500000004
6212.29999999999
6214.12500000003
6215.94999999999
6217.77500000003
6219.59999999999
6221.42500000003
6223.24999999998
6225.07500000002
6226.89999999998
6228.72500000002
6230.54999999998
6232.37500000002
6234.19999999997
6236.02500000001
6237.84999999997
6239.67500000001
6241.49999999997
6243.32500000001
6245.14999999996
6246.975
6248.79999999996
6250.625
6252.45000000004
6254.275
6256.10000000004
6257.92499999999
6259.75000000003
6261.57499999999
6263.40000000003
6265.22499999999
6267.05000000003
6268.87499999998
6270.70000000002
6272.52499999998
6274.35000000002
6276.17499999998
6278.00000000002
6279.82499999997
6281.65000000001
6283.47499999997
6285.30000000001
6287.12499999997
6288.95000000001
6290.77499999996
6292.6
6294.42499999996
6296.25
6298.07500000004
6299.9
6301.72500000004
6303.54999999999
6305.37500000003
6307.19999999999
6309.02500000003
6310.84999999999
6312.67500000003
6314.49999999998
6316.32500000002
6318.14999999998
6319.97500000002
6321.79999999998
6323.62500000002
6325.44999999997
6327.27500000001
6329.09999999997
6330.92500000001
6332.74999999997
6334.57500000001
6336.39999999996
6338.225
6340.04999999996
6341.875
6343.70000000004
6345.525
6347.35000000004
6349.17499999999
6351.00000000003
6352.82499999999
6354.65000000003
6356.47499999999
6358.30000000003
6360.12499999998
6361.95000000002
6363.77499999998
6365.60000000002
6367.42499999998
6369.25000000002
6371.07499999997
6372.90000000001
6374.72499999997
6376.55000000001
6378.37499999997
6380.20000000001
6382.02499999996
6383.85
6385.67499999996
6387.5
6389.32500000004
6391.15
6392.97500000004
6394.79999999999
6396.62500000003
6398.44999999999
6400.27500000003
6402.09999999999
6403.92500000003
6405.74999999998
6407.57500000002
6409.39999999998
6411.22500000002
6413.04999999998
6414.87500000002
6416.69999999997
6418.52500000001
6420.34999999997
6422.17500000001
6423.99999999997
6425.82500000001
6427.64999999996
6429.475
6431.29999999996
6433.125
6434.95000000004
6436.775
6438.60000000004
6440.42499999999
6442.25000000003
6444.07499999999
6445.90000000003
6447.72499999999
6449.55000000003
6451.37499999998
6453.20000000002
6455.02499999998
6456.85000000002
6458.67499999998
6460.50000000002
6462.32499999997
6464.15000000001
6465.97499999997
6467.80000000001
6469.62499999997
6471.45000000001
6473.27499999996
6475.1
6476.92499999996
6478.75
6480.57500000004
6482.4
6484.22500000004
6486.04999999999
6487.87500000003
6489.69999999999
6491.52500000003
6493.34999999999
6495.17500000003
6496.99999999998
6498.82500000002
6500.64999999998
6502.47500000002
6504.29999999998
6506.12500000002
6507.94999999997
6509.77500000001
6511.59999999997
6513.42500000001
6515.24999999997
6517.07500000001
6518.89999999996
6520.725
6522.54999999996
6524.375
6526.20000000004
6528.025
6529.85000000004
6531.67499999999
6533.50000000003
6535.32499999999
6537.15000000003
6538.97499999999
6540.80000000003
6542.62499999998
6544.45000000002
6546.27499999998
6548.10000000002
6549.92499999998
6551.75000000002
6553.57499999997
6555.40000000001
6557.22499999997
6559.05000000001
6560.87499999997
6562.70000000001
6564.52499999996
6566.35
6568.17499999996
6570
